576
4.160725963180223 0.0 0.0 0.0 5.404686107427373 0.0 0.0 0.0 16.165802271594288
C -2.07203028 2.66414134 8.06661251
C -2.08366943 2.53801675 8.55030365
C -1.59113221 -1.81120882 -8.08217527
C -1.56095356 -1.94383863 -7.60103227
C -2.06097068 -2.24959097 -6.70089238
C -2.11332859 -2.38213016 -6.22163044
C -1.55452989 -1.31854007 -6.70780190
C -1.56903068 -1.43461776 -6.22167878
C -2.07291373 -1.78042597 -5.41497876
C -2.05560430 -1.91639319 -4.93413232
C -1.59585482 -2.69823490 -5.42093702
C -1.57355736 -2.80070713 -4.93205844
C -2.07901023 -1.36436743 -4.01646819
C -2.07769354 -1.44666559 -3.52328944
C -1.52867090 -2.25269988 -4.07186392
C -1.54505357 -2.38622933 -3.59030240
C -2.06992955 -2.67225417 -2.72223658
C -2.05824341 -2.79570541 -2.23785736
C -1.56640443 -1.79443168 -2.72526643
C -1.53069254 -1.92396446 -2.24365879
C 2.03172911 -2.26282048 -1.30875708
C 2.06814458 -2.39612637 -0.82823294
C -1.55820697 -1.35914485 -1.32579357
C -1.54332715 -1.53020608 -0.85620157
C 2.05728160 -1.83490309 0.02079264
C 2.06820112 -1.93025151 0.51149565
C -1.55060457 -2.69667164 -0.02290010
C -1.53287431 -2.81574115 0.46239166
C -2.04952304 -1.33094768 1.36386822
C -2.09860377 -1.47532962 1.84004564
C -1.54793540 -2.20565975 1.36687315
C -1.55501879 -2.34474591 1.84708650
C -2.03906398 -2.68994114 2.72715552
C -2.06589543 -2.82746412 3.20712167
C -1.56347736 -1.78887355 2.68713916
C -1.53170654 -1.91307965 3.17042319
C -2.05836614 -2.23722084 4.07207174
C -2.06143767 -2.33227032 4.56294459
C -1.55270107 -1.29664621 4.06077625
C -1.54774914 -1.46488194 4.53159704
C -2.06979110 -1.79640259 5.41869176
C -2.09142669 -1.94507535 5.89558620
C -1.52552106 2.64336865 5.43518336
C -1.58302154 2.58818330 5.92879077
C 2.07561370 -1.36741807 6.71919502
C 2.11137304 -1.46834207 7.20759610
C -1.53945542 -2.21074048 6.76245403
C -1.54502520 -2.40071896 7.22492257
C -2.07682392 -0.93568313 -8.06369762
C -2.04626169 -1.03663412 -7.57494938
C -1.58913983 -0.03203302 8.07835975
C -1.53991273 -0.14434430 8.56308943
C -2.04056730 -0.42843760 -6.74875354
C -2.03925279 -0.54646646 -6.26288580
C -1.52516692 0.49861205 -6.74962326
C -1.56967725 0.34285437 -6.27659221
C 2.07728494 0.00557787 -5.42905706
C 2.09676885 -0.11249185 -4.94358830
C -1.55071468 -0.90728872 -5.36563202
C -1.52776046 -1.05258785 -4.88776042
C 2.04083926 0.43926762 -3.99068395
C 2.03271601 0.31188844 -3.50724982
C -1.58421438 -0.40584230 -4.08165226
C -1.57400596 -0.53761608 -3.59943710
C 2.06849514 -0.87180608 -2.66376357
C 2.10635161 -0.99601343 -2.18091844
C -1.59336432 0.00554526 -2.69486970
C -1.52871298 -0.14228902 -2.22162005
C 2.05995221 -0.44673596 -1.34122774
C 2.09196016 -0.60825424 -0.86911828
C -1.55157875 0.43082129 -1.35341623
C -1.53845240 0.32793672 -0.86429205
C 2.07389142 -0.04137668 -0.00153406
C 2.06725773 -0.15619373 0.48505924
C -1.54726084 -0.89166832 -0.05084926
C -1.56382974 -1.01754937 0.43276157
C -2.07693342 0.43645470 1.36262700
C -2.07229727 0.33555787 1.85231908
C -1.57153568 -0.45004018 1.35665118
C -1.57159163 -0.56245791 1.84384955
C -2.07806054 -0.90135167 2.70774789
C -2.10851865 -0.99505800 3.19794319
C -1.52905261 0.02331629 2.68722442
C -1.56247580 -0.12021346 3.16501318
C -2.07217090 -0.40007157 4.00804043
C -2.06019651 -0.54430742 4.48663487
C -1.55954389 0.47710815 4.04014927
C -1.52467123 0.31187900 4.51076931
C -2.05694240 -0.01089979 5.36937829
C -2.09919617 -0.10911322 5.85781328
C -1.59129119 -0.91749864 5.36781495
C -1.60140447 -0.99308980 5.86196442
C 2.05927300 0.42604152 6.71472734
C 2.08045073 0.31604650 7.20201842
C -1.54478924 -0.49083909 6.74356240
C -1.54621045 -0.58971247 7.23368691
C -2.03491281 0.86687957 -8.06344670
C -2.08147945 0.72412153 -7.58652775
C -1.55219845 1.80047077 8.04553898
C -1.54766257 1.67621135 8.52983127
C -2.03649006 1.36875562 -6.81136991
C -2.04266034 1.25495661 -6.32453142
C -1.55565356 2.24578035 -6.77687752
C -1.51346136 2.14226254 -6.28953382
C -2.05169126 1.79854950 -5.44701240
C -2.05503588 1.68603212 -4.95984851
C -1.54559163 0.92672389 -5.36810979
C -1.58772606 0.80465555 -4.88507354
C 2.07694160 2.24350555 -4.02694668
C 2.08071766 2.14943108 -3.53589095
C -1.54774979 1.39093587 -4.04244185
C -1.61526624 1.20269756 -3.58417569
C -2.05020967 0.91883687 -2.65959848
C -2.03461014 0.77127126 -2.18212487
C -1.53264039 1.79749585 -2.68477918
C -1.50987462 1.67549046 -2.20042765
C -2.05639022 1.31967455 -1.31615353
C -2.10543478 1.22265599 -0.82811457
C -1.58096753 2.20251271 -1.32650554
C -1.58903175 2.10500486 -0.83617179
C 2.05450893 1.82746129 0.01266315
C 2.11075972 1.66742442 0.48300776
C -1.53630339 0.90335519 -0.03401080
C -1.57207286 0.75128096 0.44095654
C 2.06629297 2.27681096 1.33180908
C 2.11643078 2.12099434 1.80425736
C -1.57573663 1.36435440 1.31717507
C -1.56742187 1.22518340 1.79734410
C -2.03663640 0.92604583 2.65945532
C -2.05872519 0.76192814 3.13123649
C -1.57279200 1.81199175 2.67804509
C -1.54710738 1.67144615 3.15719772
C 2.06887508 1.35067611 4.02316404
C 2.09185312 1.24362136 4.51102805
C -1.55463442 2.29832909 4.05067092
C -1.55057521 2.11392666 4.51540662
C 2.05399535 1.79286376 5.38901329
C 2.13189130 1.67373158 5.86832503
C -1.53787348 0.87390833 5.38094248
C -1.54952621 0.73041000 5.85976650
C 2.05227119 2.24918281 6.73486333
C 2.07784183 2.12453470 7.21840132
C -1.56353339 1.37371659 6.71173102
C -1.58413429 1.22892765 7.18986465
C -1.04637232 -2.69355180 -8.05585326
C -1.01191365 -2.83486826 -7.57747866
C -0.54151730 -1.81860573 8.08247335
C -0.55235396 -1.94621605 8.56579330
C -1.06145034 -2.19727069 -6.73063985
C -1.08035496 -2.34433535 -6.25313110
C -0.50533928 -1.34211055 -6.73467708
C -0.54592499 -1.41409652 -6.24155355
C -1.03869129 -1.77709855 -5.40574366
C -1.02605827 -1.93472411 -4.93140772
C -0.51693009 -2.69923523 -5.41451771
C -0.49238942 -2.83317337 -4.93341654
C -1.04538877 -1.36167946 -4.05241890
C -1.02861726 -1.50203400 -3.57281561
C -0.46295992 -2.27648916 -4.09320594
C -0.48257230 -2.39250243 -3.60724681
C -1.00982992 2.70103447 -2.73202402
C -1.04170597 2.55935573 -2.25357752
C -0.47723676 -1.82161903 -2.66687180
C -0.52165958 -1.93039479 -2.18087340
C -1.05625884 -2.25621654 -1.39009716
C -1.07610013 -2.42071050 -0.91834717
C -0.54302241 -1.35975716 -1.29929033
C -0.53801953 -1.49588519 -0.81820392
C -1.08066348 -1.81007165 -0.01206534
C -1.03017311 -1.92083535 0.47289046
C -0.51478284 -2.69755226 -0.03640453
C -0.52202730 -2.82493498 0.44704264
C -1.04144092 -1.34188066 1.33110912
C -1.00917951 -1.47079054 1.81312722
C -0.51265827 -2.22331568 1.35554577
C -0.52398450 -2.39143674 1.82629732
C -1.01659937 -2.68505328 2.65240632
C -1.04670967 -2.80711314 3.13634305
C -0.52043787 -1.79535711 2.68300158
C -0.51447406 -1.95517308 3.15673493
C -1.03480100 -2.24171154 3.99232242
C -1.03495016 -2.34481925 4.48157570
C -0.53580942 -1.35502447 4.02015379
C -0.53139913 -1.47001829 4.50673057
C -1.01979174 -1.83670190 5.36937702
C -1.07132816 -1.93311883 5.85727842
C -0.52096189 2.68646293 5.40395587
C -0.51378785 2.55819338 5.88716954
C -1.00505107 -1.34228916 6.73110302
C -1.01487984 -1.44389522 7.22057172
C -0.48838004 -2.21694879 6.75202421
C -0.52290812 -2.35532845 7.23125159
C -1.04834915 -0.92678609 -8.06637489
C -1.02878023 -1.02264615 -7.57604040
C -0.55259916 -0.04309101 -8.07221201
C -0.45361947 -0.13836009 -7.59145550
C -1.03784055 -0.44170539 -6.75439929
C -1.02213850 -0.52095839 -6.26097006
C -0.49573948 0.43031656 -6.72426216
C -0.50363237 0.33616493 -6.23327013
C -1.04376419 0.05450852 -5.39069756
C -1.06369463 -0.08663280 -4.91144616
C -0.49018974 -0.88406115 -5.38452878
C -0.52490829 -1.05950814 -4.91761018
C -1.00436819 0.44557356 -4.00643566
C -1.07947174 0.32956639 -3.52591324
C -0.56497431 -0.47182865 -4.06314542
C -0.54434484 -0.61642199 -3.58495383
C -1.07389770 -0.92063368 -2.75422274
C -1.05826823 -1.02543023 -2.26557829
C -0.47962993 -0.01475904 -2.62528032
C -0.52706226 -0.14849529 -2.14583815
C -1.08413019 -0.45835367 -1.34716150
C -1.05627020 -0.55501245 -0.85738513
C -0.53257269 0.46831458 -1.34910223
C -0.49189446 0.31178940 -0.87597947
C -1.03446276 -0.00244864 0.04679451
C -1.03872939 -0.12345895 0.53191130
C -0.51313575 -0.92158708 0.00312113
C -0.50477837 -1.04835932 0.48671079
C -1.03188981 0.44829355 1.35650414
C -1.02815276 0.30336534 1.83502462
C -0.53995958 -0.44380622 1.37316719
C -0.51531811 -0.59881624 1.84789311
C -1.04686573 -0.87123949 2.67208455
C -1.07359219 -1.02183642 3.14811633
C -0.52201289 0.00027107 2.68709659
C -0.52954428 -0.10710631 3.17537251
C -1.04799831 -0.40552989 3.99957927
C -0.96985981 -0.55527336 4.47018661
C -0.52564600 0.46329984 4.01886328
C -0.48337784 0.35361643 4.50484985
C -1.05454282 -0.03567832 5.38094793
C -1.01580453 -0.12799213 5.87082292
C -0.56719214 -0.91537987 5.34429789
C -0.59943039 -1.04215552 5.82688326
C -1.06702957 0.47630234 6.72906694
C -1.07648408 0.36021936 7.21531312
C -0.51583318 -0.41134260 6.74392804
C -0.54493513 -0.55470310 7.22205025
C -0.99792094 0.87843394 -8.07344152
C -1.04752511 0.72635547 -7.59972054
C -0.53347227 1.81720122 8.06550960
C -0.54247445 1.68640566 8.54801502
C -1.00965585 1.36101977 -6.71053843
C -1.00992570 1.26462510 -6.21991842
C -0.55584121 2.31314621 -6.72309062
C -0.47221976 2.15295070 -6.25688803
C -1.02863558 1.84197617 -5.38816537
C -1.04308219 1.71900091 -4.90373954
C -0.49967271 0.90475153 -5.36365948
C -0.53937944 0.77133288 -4.88342741
C -1.01569917 2.28678029 -4.04786129
C -1.03364544 2.13851961 -3.57068553
C -0.53394795 1.34888762 -4.05764068
C -0.55434474 1.22772034 -3.57297331
C -1.01096969 0.93535939 -2.69426784
C -1.03140583 0.76720415 -2.22383594
C -0.50861782 1.80706463 -2.71318346
C -0.46362846 1.69067430 -2.22900452
C -1.03578945 1.34479404 -1.35748970
C -1.08435253 1.22056358 -0.87560961
C -0.56372173 2.27581113 -1.42029394
C -0.53017083 2.13460848 -0.94182122
C -0.98475514 1.79674667 -0.02406006
C -1.01832559 1.69435348 0.46419055
C -0.52006764 0.88558364 0.02666609
C -0.55183664 0.76570489 0.51104179
C -1.06807046 2.28170874 1.34399345
C -1.03468725 2.14040839 1.82244907
C -0.54531609 1.40468505 1.30656428
C -0.52918308 1.26754460 1.78711837
C -1.03324623 0.90528244 2.67856318
C -1.03755397 0.77036247 3.15999651
C -0.53552209 1.80459239 2.66192308
C -0.53138162 1.71326586 3.15349436
C -1.05830363 1.38351579 3.98997223
C -1.02534053 1.23318167 4.46569598
C -0.53229966 2.29058729 4.00566535
C -0.54404614 2.13884736 4.48193945
C -1.02326079 1.77281073 5.34609717
C -1.02183084 1.68736474 5.83873998
C -0.49248470 0.89128037 5.42320541
C -0.53936926 0.78082022 5.90859226
C -1.04084716 2.22706804 6.73616271
C -1.03628971 2.13315853 7.22724339
C -0.47827355 1.36353485 6.74168765
C -0.50944721 1.24730325 7.22699004
C 0.01991153 2.68806763 -8.03836294
C -0.01174661 2.53621062 -7.56303441
C 0.51074892 -1.81579973 8.04111558
C 0.54735090 -1.95615985 8.51961254
C 0.01483888 -2.22221461 -6.76979333
C -0.06134283 -2.33294139 -6.28819606
C 0.49970523 -1.33087119 -6.75012965
C 0.52977886 -1.46323976 -6.26890814
C -0.01642862 -1.82187741 -5.41359784
C -0.01314045 -1.93415588 -4.92637845
C 0.56142174 2.69283326 -5.41802479
C 0.50864149 2.59676780 -4.93018704
C -0.00309875 -1.38705117 -4.05872366
C 0.01858881 -1.50278979 -3.57278722
C 0.53832344 -2.26662995 -3.99763204
C 0.52086750 -2.42950479 -3.52522641
C 0.00744885 2.67859267 -2.67453177
C 0.00715090 2.58448493 -2.18346798
C 0.54092356 -1.83102685 -2.70443172
C 0.53695384 -1.95843123 -2.22095228
C -0.02737594 -2.25427399 -1.35678758
C 0.01696484 -2.43321893 -0.89201602
C 0.48743074 -1.34460891 -1.29962850
C 0.50876079 -1.49486588 -0.82321705
C -0.01092114 -1.82771671 0.03222186
C 0.02469281 -1.96036401 0.51298827
C 0.52806384 -2.67928610 0.00399718
C 0.53868820 -2.81874770 0.48403633
C 0.01255634 -1.32978699 1.31992194
C -0.00244388 -1.47069115 1.79942273
C 0.56391904 -2.25090558 1.33078096
C 0.54385161 -2.35751324 1.81887123
C 0.00825585 -2.70068808 2.63115089
C -0.02305800 -2.82621661 3.11412297
C 0.50887790 -1.80559692 2.65411240
C 0.56369787 -1.92864319 3.13562500
C -0.01825701 -2.23464419 3.98550553
C -0.00533435 -2.33702107 4.47474165
C 0.52912200 -1.32278963 4.04997660
C 0.50751727 -1.47842901 4.52464451
C -0.00055328 -1.82805396 5.34788698
C -0.04199271 -1.92475464 5.83669343
C 0.52827165 -2.69176079 5.38789072
C 0.52707672 -2.83914942 5.86567222
C 0.01200082 -1.33895766 6.73620585
C -0.01232052 -1.46956288 7.21823359
C 0.51203599 -2.24346485 6.73983732
C 0.49470572 -2.39022315 7.21750003
C 0.02140882 -0.92877573 8.07249836
C 0.01728901 -1.08990429 8.54580652
C 0.52031533 -0.05206579 -8.08000247
C 0.56991037 -0.17548308 -7.59801855
C -0.00093024 -0.44006140 -6.72281054
C 0.01622586 -0.56251748 -6.23834157
C 0.51855137 0.46879009 -6.77486985
C 0.52763318 0.33476158 -6.29325394
C 0.00643180 0.03335744 -5.37466614
C 0.03099938 -0.05293167 -4.88278137
C 0.51716912 -0.92105165 -5.42645467
C 0.49577921 -0.98212077 -4.93065931
C 0.02306091 0.48330568 -4.02873183
C -0.00259319 0.25513698 -3.58456867
C 0.52694988 -0.48555609 -4.05896874
C 0.52705705 -0.59299078 -3.57064736
C 0.02438937 -0.94571979 -2.64703342
C 0.01932853 -1.08362740 -2.16645473
C 0.51618536 -0.06790638 -2.71823785
C 0.51589472 -0.16176341 -2.22712608
C -0.00576557 -0.47395950 -1.28468777
C -0.00124903 -0.62172241 -0.80704175
C 0.50911298 0.44314105 -1.33311185
C 0.51830160 0.30208259 -0.85350985
C 0.01952745 -0.01646665 0.00750404
C 0.03141469 -0.17616394 0.48116581
C 0.56825227 -0.90158995 -0.00452419
C 0.54626391 -1.07076644 0.46547137
C -0.02455967 0.48303157 1.39611014
C 0.00719138 0.29829023 1.85964278
C 0.51495923 -0.43152881 1.33195370
C 0.54400468 -0.56575370 1.81272395
C -0.02030124 -0.89829803 2.69075700
C 0.02645353 -1.03335567 3.16989521
C 0.51353760 0.01506134 2.71320420
C 0.50850496 -0.12849598 3.19212588
C 0.03668657 -0.44341688 4.05201712
C 0.04572820 -0.58282979 4.53210283
C 0.52522190 0.48222813 4.07327766
C 0.52991932 0.34926954 4.55525271
C 0.01116338 -0.00132253 5.43337264
C 0.00416417 -0.15002384 5.91069741
C 0.51398474 -0.90185681 5.39555399
C 0.49077914 -1.05289760 5.87162981
C 0.02553082 0.45411661 6.75098587
C 0.00841794 0.33532491 7.23636787
C 0.48958672 -0.44074075 6.77508689
C 0.53118291 -0.62491765 7.23806488
C 0.03602945 0.87507675 -8.06013923
C -0.01528698 0.78892689 -7.57029759
C 0.48361969 1.79890513 -8.05799002
C 0.51990727 1.64790024 -7.58272090
C 0.03367388 1.34679307 -6.70810529
C 0.02175772 1.19686339 -6.23126245
C 0.55809823 2.22902673 -6.74227068
C 0.53830459 2.09898037 -6.25988479
C 0.01050341 1.84729622 -5.40544188
C -0.02985356 1.68255867 -4.93508792
C 0.53654393 0.93721572 -5.39841681
C 0.54558580 0.80612365 -4.91599261
C -0.00114925 2.20574093 -4.01376267
C -0.00293019 2.12234064 -3.52077057
C 0.54810498 1.36879480 -4.08338253
C 0.51136264 1.25476551 -3.59794734
C -0.00292638 0.86969584 -2.68552667
C 0.03004379 0.73883041 -2.20408383
C 0.55721364 1.80636391 -2.65617014
C 0.53937604 1.68595624 -2.17121260
C -0.02760748 1.35125528 -1.38623648
C 0.00937070 1.20924945 -0.90825431
C 0.55250976 2.23125606 -1.31102504
C 0.49803233 2.07903082 -0.83788692
C 0.01706557 1.79933638 0.01369163
C 0.03048154 1.64220771 0.48817092
C 0.53563398 0.90732341 0.02267279
C 0.50509318 0.75468433 0.49782389
C 0.03219985 2.27949493 1.31471427
C -0.00453790 2.13773357 1.79278754
C 0.52682410 1.37970227 1.39762823
C 0.52973039 1.22317231 1.87248602
C -0.02001489 0.90996870 2.68926949
C -0.03264714 0.81832918 3.18063761
C 0.50649519 1.81202682 2.68803140
C 0.48994640 1.67924469 3.16979383
C -0.03877552 1.37038044 4.02867346
C -0.02553147 1.24980115 4.51373555
C 0.50102398 2.23209288 4.04136129
C 0.46560925 2.15939270 4.53477844
C 0.00527386 1.77974789 5.43358830
C 0.03883743 1.69079195 5.92446540
C 0.51226746 0.89671188 5.43343812
C 0.50712687 0.75353806 5.91247343
C -0.03041277 2.29838357 6.72719195
C -0.02212313 2.13110359 7.19830626
C 0.58647172 1.33971214 6.77989779
C 0.55995907 1.18771237 7.25549547
C 1.03708659 2.68218222 8.07782975
C 1.04095633 2.54733644 8.55928758
C 1.55515124 -1.81322558 8.06428194
C 1.58737328 -1.90234764 8.55521880
C 1.05002256 -2.24358622 -6.81064353
C 1.03440974 -2.39266114 -6.33363943
C 1.53171959 -1.35874299 -6.70573842
C 1.56713826 -1.44803515 -6.21505275
C 1.07763433 -1.78337998 -5.31548461
C 1.00434920 -1.93977080 -4.84626057
C 1.56556291 -2.69717911 -5.37675097
C 1.56938338 -2.81482638 -4.89080393
C 1.05316948 -1.34678477 -4.03533658
C 1.03955062 -1.51441525 -3.56447083
C 1.55650247 -2.25892998 -4.00277642
C 1.53575828 -2.41116806 -3.52696842
C 1.06318820 2.67972314 -2.62656022
C 1.04512439 2.55971303 -2.14151251
C 1.58399553 -1.80932252 -2.65031714
C 1.58856074 -1.92556117 -2.16403766
C 1.01034949 -2.22174883 -1.33531872
C 1.04272750 -2.36847488 -0.85842970
C 1.56305294 -1.34960817 -1.32668357
C 1.53996433 -1.49854410 -0.84993940
C 1.05496917 -1.82133724 -0.01419084
C 1.05254586 -1.94874424 0.46929813
C 1.55804280 2.70148992 0.03071284
C 1.56611696 2.56532841 0.51174802
C 1.03975854 -1.32691526 1.30513463
C 1.03120852 -1.47010684 1.78411592
C 1.60106491 -2.23165411 1.35946442
C 1.57430055 -2.36498887 1.84061462
C 1.09954478 2.70073015 2.72249667
C 1.06890542 2.53623659 3.19366872
C 1.57464612 -1.78960000 2.70246256
C 1.58844245 -1.93938006 3.17930173
C 0.97840507 -2.28499302 4.05859157
C 1.05890590 -2.33675088 4.54934684
C 1.55619101 -1.38792737 4.05330996
C 1.59757584 -1.42406669 4.55028204
C 1.04248647 -1.76219708 5.37069560
C 1.01703909 -1.90673359 5.84867220
C 1.59891132 2.69887020 5.41043265
C 1.52579737 2.61009305 5.89702588
C 1.04438913 -1.33632363 6.73552330
C 1.07723394 -1.47449570 7.21492887
C 1.54623186 -2.23061284 6.72775002
C 1.54056613 -2.38612452 7.20291738
C 1.07133982 -0.93905233 -8.05291768
C 1.02604689 -1.07439696 -7.57372004
C 1.55075395 -0.05484884 8.07970411
C 1.61496253 -0.16430697 8.56333225
C 1.02735167 -0.46407134 -6.71997526
C 1.02396798 -0.57849262 -6.23325530
C 1.58855335 0.44362220 -6.74610800
C 1.57330025 0.31770004 -6.26246458
C 1.03105546 0.04330112 -5.37170806
C 1.03794237 -0.11674176 -4.89806384
C 1.52435275 -0.86142758 -5.36383147
C 1.56005427 -1.01554176 -4.88951700
C 1.03430168 0.45115637 -4.00277701
C 1.01312288 0.30059910 -3.52645363
C 1.56956782 -0.45989510 -4.00312871
C 1.53417752 -0.60873559 -3.52710977
C 1.03542177 -0.94631968 -2.64382540
C 1.09890950 -1.03076342 -2.15511427
C 1.54937124 0.00715329 -2.65390953
C 1.58621070 -0.11383062 -2.17016812
C 1.05965489 -0.40467585 -1.34544869
C 1.06140826 -0.56546558 -0.87201064
C 1.57326699 0.46286198 -1.32139989
C 1.60520279 0.30866875 -0.84684267
C 1.07004094 -0.00432538 0.00206797
C 1.06624422 -0.14404935 0.48213338
C 1.57047246 -0.91465717 -0.00135845
C 1.55021729 -1.04485311 0.48096794
C 1.01357484 0.44894068 1.37245179
C 1.00931357 0.33724968 1.85979865
C 1.52462649 -0.42733248 1.32730083
C 1.56933451 -0.60448288 1.79272422
C 0.99492409 -0.91335268 2.67307790
C 1.03221644 -1.00521404 3.16315011
C 1.57880297 0.01512204 2.65532213
C 1.55343174 -0.12778835 3.13379148
C 1.04101883 -0.42093630 4.01783510
C 1.05142770 -0.57718148 4.49268149
C 1.57042873 0.47717421 4.09885698
C 1.56643374 0.30238503 4.56729351
C 1.05772175 -0.00948447 5.41691584
C 1.03008567 -0.17134692 5.88918356
C 1.55482957 -0.89507358 5.41021538
C 1.54309188 -1.03546138 5.88995853
C 1.04500108 0.44565633 6.75181530
C 1.03836265 0.29922946 7.22984783
C 1.55235868 -0.44004034 6.71858847
C 1.61052099 -0.59864467 7.18918576
C 1.09670634 0.88422095 8.06140131
C 0.99861055 0.73653486 8.52891177
C 1.55661012 1.77667024 -8.06106878
C 1.52994877 1.62482678 -7.58542949
C 1.07277437 1.34705272 -6.72051144
C 1.08825818 1.20072975 -6.24265180
C 1.59610771 2.26225250 -6.76370779
C 1.56253508 2.12489912 -6.28411742
C 1.10225030 1.78475247 -5.42092548
C 1.05544270 1.72414920 -4.92682398
C 1.58498510 0.88925014 -5.43004526
C 1.56881844 0.82835108 -4.93403121
C 1.03179510 2.24003928 -3.99195461
C 1.04642377 2.10720371 -3.51014478
C 1.55222187 1.36236081 -4.00513357
C 1.54105471 1.21139819 -3.52859860
C 1.04982633 0.89784309 -2.61969269
C 1.03215292 0.74536385 -2.14383796
C 1.56102896 1.76635028 -2.64258053
C 1.54294009 1.64047107 -2.15902369
C 1.06264155 1.35524935 -1.28239412
C 1.01565052 1.18442064 -0.81483728
C 1.57994268 2.22675665 -1.32618208
C 1.51617359 2.14065351 -0.83779724
C 1.02986021 1.79974015 -0.02144907
C 1.08074276 1.64955697 0.45274074
C 1.55663593 0.87581063 0.03049668
C 1.57781431 0.72884163 0.50793945
C 1.03781003 2.24705265 1.34532336
C 1.07418720 2.17216312 1.83834289
C 1.54551225 1.30116064 1.34273160
C 1.53511241 1.18904158 1.82988780
C 1.09494483 0.90808321 2.71096145
C 1.03515343 0.74233287 3.17888432
C 1.56109856 1.80240519 2.70341702
C 1.57100125 1.65838825 3.18212471
C 1.02847942 1.35392547 4.09378015
C 1.05632470 1.20114225 4.56905052
C 1.54039630 2.24867009 4.06091144
C 1.57185982 2.17113277 4.55385973
C 1.02493168 1.81187565 5.38518468
C 1.12901900 1.66800373 5.85258890
C 1.59849372 0.86339257 5.43528790
C 1.53245232 0.74999552 5.91776033
C 1.03470376 2.24292397 6.75462556
C 1.05660434 2.12913366 7.24101237
C 1.58942971 1.35232901 6.75515872
C 1.55944007 1.22057373 7.23655375
