576
    4.16272748269267 0.0 0.0 0.0 5.404029570226723 0.0 0.0 0.0 16.15999248657107
C   -2.04990920 -2.69610582 -8.05304547
C   -2.04942884 -2.81173852 -7.56660036
C   -1.56765690 -1.78948556 -8.05717295
C   -1.59598892 -1.89605599 -7.56948448
C   -2.07697161 -1.61412707 -6.72414779
C   -2.07291455 -1.70395491 -6.23229974
C   -1.52950397 -2.58058694 -6.73067302
C   -1.60381490 -2.62098790 -6.23787930
C   -2.03647698 -2.41059230 -5.34112102
C   -2.12769192 -2.50734456 -4.85912637
C   -1.54920917 -1.48632130 -5.37776605
C   -1.55247347 -1.64622666 -4.90403657
C   -2.05422831 -1.37768371 -4.01817791
C   -2.07917728 -1.47867160 -3.52911861
C   -1.57217902 -2.25401519 -4.06106899
C   -1.61751553 -2.38747244 -3.58134640
C   -2.04569190 -2.09463001 -2.64990752
C   -2.06988054 -2.25868716 -2.17820829
C   -1.52590731 -1.18997973 -2.63150323
C   -1.52845129 -1.34594184 -2.15645655
C   -2.03142852 -1.04578423 -1.32389682
C   -2.07340559 -1.15360752 -0.83746896
C   -1.57368117 -1.96662466 -1.34792297
C   -1.57080704 -2.09161322 -0.86380563
C   -2.06975463 -1.76828569 -0.00573412
C   -2.10277001 -1.94892205 0.45932554
C   -1.52267105 2.68530032 0.00529919
C   -1.55234546 2.56955425 0.49081157
C   -2.06060126 -2.53197450 1.33344669
C   -2.10631126 -2.69909731 1.80246754
C   -1.58092674 -1.64120077 1.33353872
C   -1.53794243 -1.78433711 1.81068056
C   2.07549872 -1.52023704 2.69286658
C   2.06111957 -1.62364121 3.18184594
C   -1.55440447 -2.40325719 2.69150216
C   -1.56405838 -2.53282730 3.17432551
C   2.03878445 -2.25926544 3.98263550
C   2.07435962 -2.39360959 4.46293338
C   -1.56509639 -1.34295724 4.01318881
C   -1.58264041 -1.50836673 4.48470965
C   2.07061134 -1.18331723 5.41470207
C   2.13317184 -1.29863628 5.89718285
C   -1.56307606 -2.07349035 5.38992001
C   -1.55391842 -2.18438024 5.87738239
C   -2.04579034 -1.95834858 6.73935133
C   -2.07983113 -2.05905523 7.22792005
C   -1.57686372 -1.03353198 6.75308857
C   -1.59430088 -1.16764642 7.23445045
C   -2.04732485 -0.86867497 -8.01342459
C   -2.04918552 -0.98489254 -7.52712220
C   -1.49841130 0.00289421 -8.05965294
C   -1.55193234 -0.11092332 -7.57573036
C   2.05122626 0.13953977 -6.71846854
C   2.06122273 0.08867523 -6.22116293
C   -1.52875394 -0.70315315 -6.69815274
C   -1.56017078 -0.83578744 -6.21709024
C   -2.06060677 -0.59705829 -5.31829541
C   -2.05612853 -0.75931014 -4.84537440
C   -1.53269527 0.31217882 -5.36336255
C   -1.51034211 0.17468301 -4.88315922
C   -2.04614421 0.43774576 -4.02315604
C   -2.05077819 0.28813296 -3.54608735
C   -1.54820880 -0.44979528 -4.00787063
C   -1.54084411 -0.60609533 -3.53298532
C   -2.07025556 -0.27191011 -2.67786823
C   -2.09219425 -0.39557273 -2.19389896
C   -1.58280603 0.61900437 -2.65489911
C   -1.55574833 0.50958712 -2.16776899
C   2.07352428 0.71350867 -1.27459373
C   2.08465552 0.62377086 -0.78283849
C   -1.55544127 -0.12828646 -1.38217245
C   -1.52950229 -0.26259665 -0.90124840
C   2.07309642 -0.00975285 0.09964478
C   2.06934207 -0.17291194 0.57225986
C   -1.55252467 -0.89279952 0.01271036
C   -1.58130216 -1.04391219 0.48845905
C   2.07327960 -0.75962832 1.38761643
C   2.07259713 -0.91130968 1.86405352
C   -1.55493316 0.11589211 1.37850985
C   -1.55000993 -0.02403743 1.85850514
C   -2.07478073 0.29285282 2.70453060
C   -2.06736138 0.13835348 3.18000395
C   -1.54470752 -0.61388582 2.69114190
C   -1.54236595 -0.72760953 3.17803145
C   2.03305790 -0.41952296 4.03761517
C   2.08824282 -0.54251648 4.51909956
C   -1.58056842 0.41970937 4.02255600
C   -1.54530031 0.31440772 4.51006777
C   -2.07227512 0.62228202 5.39847834
C   -2.05880118 0.50485858 5.88430772
C   -1.55941668 -0.27541053 5.38969187
C   -1.54842931 -0.41438222 5.86986491
C   -2.05335165 -0.13135344 6.70174981
C   -2.07746626 -0.22959667 7.19140964
C   -1.53592089 0.74878932 6.71262624
C   -1.57460888 0.65427086 7.20208461
C   -2.02572019 0.92738405 8.07976033
C   -2.04750374 0.76239551 8.55125185
C   -1.56671154 1.82308772 8.07012504
C   -1.50733760 1.68443172 8.54683171
C   2.07939571 1.95204777 -6.76566809
C   2.07489412 1.86343003 -6.27360445
C   -1.57870950 1.06553210 -6.74301326
C   -1.53915380 0.95532115 -6.25691770
C   2.05672824 1.20503186 -5.34215196
C   2.09794544 1.05725593 -4.86627023
C   -1.57239257 2.10346118 -5.41451592
C   -1.61878443 2.02733482 -4.92252754
C   2.04537113 2.26718088 -4.06903612
C   2.04091763 2.14400393 -3.58446662
C   -1.59634712 1.36578562 -3.96851923
C   -1.54327475 1.21732582 -3.49402686
C   2.07103575 1.54197781 -2.71816008
C   2.08764489 1.39228919 -2.24138188
C   -1.51689739 2.39165608 -2.67031056
C   -1.57018103 2.26090587 -2.19065940
C   2.07044819 2.54277294 -1.33453613
C   2.11467895 2.42323118 -0.85105561
C   -1.55489020 1.61948161 -1.36597664
C   -1.54672322 1.53771949 -0.87277459
C   -2.05153498 1.80091034 0.02654136
C   -2.08727955 1.66228238 0.50560776
C   -1.53654216 0.91354611 0.04719143
C   -1.57804839 0.77478845 0.52575548
C   2.08076030 1.03417684 1.35261545
C   2.11372601 0.91819302 1.83785871
C   -1.60653190 1.93167742 1.37449776
C   -1.61158288 1.83055777 1.86413977
C   2.05180073 2.08694263 2.69476981
C   2.07845704 1.97657391 3.18170737
C   -1.58440545 1.16876920 2.73434878
C   -1.58867607 1.06165426 3.22272175
C   2.04741799 1.35528795 4.08965288
C   2.09963852 1.22939197 4.57071756
C   -1.56146256 2.27351611 4.03941378
C   -1.57758692 2.14973925 4.52358245
C   2.05467188 2.43522041 5.41769629
C   2.05461986 2.31387686 5.90274859
C   -1.56576428 1.55956458 5.37953133
C   -1.57154685 1.38298396 5.84727682
C   2.07179153 1.69653541 6.72316192
C   2.10315028 1.53900456 7.19666025
C   -1.54817377 2.55172909 6.73198645
C   -1.56719802 2.42435219 7.21511501
C   -1.03234302 -2.69631540 -8.05101285
C   -1.00529807 -2.80632984 -7.56401655
C   -0.53007406 -1.78678143 8.06039163
C   -0.54937328 -1.89656922 8.54780745
C   -1.02532864 -1.64189204 -6.75597133
C   -1.02358805 -1.80315066 -6.28269273
C   -0.51150928 -2.54776350 -6.71289720
C   -0.52033676 -2.66663709 -6.22731389
C   -1.02850503 -2.41072483 -5.36754867
C   -1.02421463 -2.54755326 -4.88665411
C   -0.52614327 -1.50384512 -5.38420161
C   -0.52388549 -1.63419399 -4.90149665
C   -1.04381564 -1.37326115 -4.04782986
C   -1.01878422 -1.47695363 -3.55934107
C   -0.52423026 -2.27584897 -4.05005434
C   -0.51333843 -2.41018980 -3.56856300
C   -1.03562424 -2.08327990 -2.68378389
C   -1.01189013 -2.20528548 -2.19947889
C   -0.52700738 -1.21926300 -2.69516809
C   -0.50208062 -1.33591659 -2.20960594
C   -1.02864738 -1.05683063 -1.33208559
C   -1.05736641 -1.15907199 -0.84349382
C   -0.52945008 -1.94833983 -1.33917291
C   -0.55499578 -2.07932047 -0.85731039
C   -1.06221767 -1.77881014 -0.01092499
C   -1.09173859 -1.92206214 0.46720405
C   -0.51545870 -2.68882091 -0.04634079
C   -0.49923231 -2.84485356 0.42841233
C   -1.04396509 -2.55791562 1.31580112
C   -1.05249357 -2.70169084 1.79460792
C   -0.52327410 -1.65308982 1.39421301
C   -0.47534494 -1.78565496 1.87393093
C   -1.07273460 -1.50703105 2.71897167
C   -1.04719782 -1.62517144 3.20414249
C   -0.53364935 -2.40770620 2.68376364
C   -0.53319501 -2.50541872 3.17412275
C   -1.07562748 -2.23987590 3.99808248
C   -1.06347774 -2.36740869 4.48139167
C   -0.53301099 -1.35177559 4.07520685
C   -0.54955291 -1.49729267 4.55327709
C   -1.06016315 -1.18546985 5.40692992
C   -1.01987812 -1.27858519 5.89652838
C   -0.53820042 -2.08758439 5.38328913
C   -0.48344632 -2.19933384 5.86755564
C   -1.03249282 -1.98946184 6.73135567
C   -1.06173936 -2.08060357 7.22210798
C   -0.51895933 -1.00131598 6.73061099
C   -0.51655186 -1.17522115 7.19938727
C   -1.04093948 -0.90332927 8.04114488
C   -1.04682667 -1.01540699 8.52838602
C   -0.49252038 -0.00088141 8.07074247
C   -0.53001277 -0.15093834 8.54621828
C   -1.04431775 0.18029491 -6.71027380
C   -1.06300160 0.06576117 -6.22392729
C   -0.49282631 -0.72852575 -6.75464036
C   -0.55922275 -0.85122830 -6.27449914
C   -1.03230987 -0.60990051 -5.35027744
C   -1.05098699 -0.71674795 -4.86218443
C   -0.51113668 0.30172808 -5.40092157
C   -0.48685336 0.18057051 -4.91643095
C   -1.01958903 0.44093102 -4.03224154
C   -1.01999330 0.35901716 -3.53899722
C   -0.52292819 -0.44687174 -4.05163490
C   -0.54152320 -0.53210216 -3.55930371
C   -1.05138927 -0.28524567 -2.71193407
C   -1.06298170 -0.39071723 -2.22332240
C   -0.53983769 0.57350384 -2.63798357
C   -0.52787086 0.45876443 -2.15147389
C   -0.97595378 0.77158728 -1.25687180
C   -1.03144904 0.63557647 -0.77893735
C   -0.51985681 -0.13054039 -1.34346746
C   -0.49795756 -0.31717635 -0.88012370
C   -1.02092368 -0.03046906 -0.03149514
C   -1.02413043 -0.14488037 0.45522836
C   -0.51216592 -0.89669149 -0.03818319
C   -0.52457820 -1.03362295 0.44254096
C   -1.06189715 -0.77701206 1.34994919
C   -1.04757172 -0.90727722 1.83246941
C   -0.54833966 0.08086435 1.37431832
C   -0.53720507 -0.03082710 1.86155650
C   -1.03859342 0.25099957 2.72149586
C   -1.02856461 0.13268679 3.20719279
C   -0.49029377 -0.61997167 2.70151010
C   -0.53014744 -0.75957113 3.17996979
C   -1.04060972 -0.45923223 4.06181592
C   -1.06161723 -0.57692280 4.54731320
C   -0.46878981 0.44551761 4.00359056
C   -0.53337632 0.32591752 4.48476038
C   -1.04834156 0.61230155 5.34769403
C   -1.05666721 0.47328678 5.82790813
C   -0.52474279 -0.28875956 5.34269372
C   -0.50909756 -0.41727228 5.82564269
C   -1.01519738 -0.12347460 6.70010687
C   -1.03740897 -0.23477535 7.18705531
C   -0.51963973 0.79533952 6.69767031
C   -0.52457570 0.62606569 7.16811904
C   -0.97344610 0.93410832 -8.06077678
C   -1.04717675 0.78253714 -7.59004335
C   -0.50169507 1.83563503 8.06416537
C   -0.45777261 1.70509272 8.54482067
C   -1.01406065 1.95026873 -6.70031867
C   -1.03073640 1.82748330 -6.21591630
C   -0.54286653 1.06302953 -6.71468060
C   -0.50483791 0.94727253 -6.22975366
C   -1.04771643 1.18931532 -5.38307066
C   -1.02674311 1.07990548 -4.89563902
C   -0.55172329 2.10133048 -5.36361151
C   -0.51365168 1.99424318 -4.87669996
C   -1.09185049 2.23059869 -4.04978047
C   -1.08338281 2.13764685 -3.55856946
C   -0.51315933 1.31979741 -4.05770431
C   -0.54366997 1.24797509 -3.56383120
C   -1.02533714 1.49302026 -2.66999580
C   -1.01569863 1.37118089 -2.18516360
C   -0.50273677 2.40914844 -2.61601988
C   -0.50152751 2.24409536 -2.14404953
C   -1.02819435 2.57712115 -1.34601850
C   -1.03499285 2.43774417 -0.86588535
C   -0.53422444 1.67242921 -1.27733674
C   -0.51218794 1.55168901 -0.79263457
C   -1.04864558 1.79249277 0.02791936
C   -1.03526432 1.66013356 0.50989652
C   -0.49159507 0.85375373 0.05060077
C   -0.49815872 0.71741555 0.53160890
C   -1.06187483 1.01427560 1.36470054
C   -1.02600403 0.86200067 1.83959593
C   -0.52477538 1.95962984 1.33754585
C   -0.53587955 1.83144014 1.82070638
C   -1.06754846 2.11437002 2.71123991
C   -1.06155364 1.96488347 3.18833302
C   -0.54528110 1.20209976 2.69254539
C   -0.53660814 1.01096519 3.15448950
C   -1.04035938 1.28917970 4.02746282
C   -1.03089276 1.21913499 4.52244173
C   -0.55002378 2.21060261 4.01530405
C   -0.57051429 2.10727740 4.50408215
C   -1.00307088 2.42803680 5.36522969
C   -1.03664554 2.30368905 5.84835532
C   -0.55409723 1.50558745 5.36990681
C   -0.52363411 1.34655244 5.84296058
C   -1.04498905 1.66998187 6.74747627
C   -1.01032222 1.53098247 7.22651424
C   -0.52565910 2.53184650 6.75830703
C   -0.55874783 2.44203869 7.24906124
C   0.05472994 -2.67312192 -8.06663587
C   0.05206534 -2.80719687 -7.58495465
C   0.55334570 -1.77198690 8.06350966
C   0.53961361 -1.89516464 8.54790482
C   0.01629739 -1.59272140 -6.77352819
C   0.01106291 -1.77181133 -6.30673123
C   0.52636355 -2.54627277 -6.69594258
C   0.53038809 -2.66925454 -6.21131975
C   0.01643986 -2.36306919 -5.39096965
C   -0.02308531 -2.53377393 -4.92267738
C   0.58907328 -1.51764317 -5.36468096
C   0.51631328 -1.56896698 -4.87267298
C   -0.02996326 -1.34872743 -4.04045686
C   -0.01340516 -1.49119196 -3.56146867
C   0.50630284 -2.25739782 -4.02257360
C   0.49315645 -2.37966001 -3.53793030
C   -0.00917136 -2.10411967 -2.66579928
C   0.01399153 -2.23975212 -2.18510466
C   0.54180532 -1.18074849 -2.66649817
C   0.56506256 -1.31292561 -2.18484652
C   0.01637876 -1.04232950 -1.34053009
C   0.05201126 -1.15638771 -0.85501897
C   0.48556912 -1.93219326 -1.34931274
C   0.53093709 -2.06328326 -0.86894084
C   0.03371494 -1.83622316 -0.02700674
C   0.02786237 -1.95646566 0.45828440
C   0.55202947 2.69762819 0.00951162
C   0.52087369 2.55776448 0.48853924
C   -0.01988361 -2.55270028 1.33082118
C   -0.00771138 -2.68420549 1.81306408
C   0.51265899 -1.66875128 1.35526468
C   0.52876617 -1.77893184 1.84270781
C   0.02949513 -1.53493009 2.70061745
C   -0.01506517 -1.63451910 3.18856868
C   0.51186931 -2.41276874 2.64757862
C   0.49677582 -2.53153496 3.13303384
C   -0.05524623 -2.24878688 4.04783367
C   -0.03942336 -2.43228297 4.51267646
C   0.51296130 -1.34438475 4.00148099
C   0.48847055 -1.49050022 4.47902729
C   -0.02221172 -1.19952476 5.39394688
C   0.02337624 -1.30638653 5.88026191
C   0.52273074 -2.10040408 5.37874108
C   0.54178000 -2.21755571 5.86444945
C   -0.00711196 -1.92339930 6.72097645
C   0.00913475 -2.08765049 7.19294848
C   0.50424070 -0.98282239 6.70087035
C   0.51698909 -1.11782417 7.18213119
C   0.00212752 -0.91064622 8.01834623
C   0.01856354 -1.00366815 8.50934193
C   0.51300176 0.01659661 8.01530415
C   0.51133121 -0.12926781 8.49355176
C   -0.00142541 0.18072279 -6.77166266
C   0.02072652 0.06075860 -6.28677310
C   0.51806154 -0.70887003 -6.74916299
C   0.51724367 -0.86564104 -6.27437653
C   -0.01702374 -0.59485219 -5.47042422
C   -0.02767440 -0.72092590 -4.98669704
C   0.49248145 0.34419863 -5.39172016
C   0.52277776 0.22190835 -4.90785322
C   0.03286979 0.44367018 -4.01006335
C   0.01438471 0.31645414 -3.52687148
C   0.50227735 -0.45295885 -4.05658288
C   0.50623688 -0.58116929 -3.57331649
C   0.03222704 -0.29733035 -2.71570068
C   -0.00131455 -0.44651814 -2.23965660
C   0.56453165 0.57071680 -2.69652900
C   0.48945921 0.44098984 -2.21952266
C   0.03294727 0.73135430 -1.36889267
C   0.03272468 0.62977144 -0.87932054
C   0.54446837 -0.17690474 -1.28750419
C   0.53882163 -0.26739631 -0.79579351
C   0.04103359 -0.06754864 0.04930916
C   0.00502500 -0.18276787 0.53451830
C   0.54355639 -0.95046190 0.00470802
C   0.51539732 -1.05984306 0.49178381
C   -0.00033000 -0.77221606 1.34929704
C   -0.01533082 -0.89536186 1.83366270
C   0.53384157 0.15744279 1.34614576
C   0.51312243 -0.01528816 1.81490448
C   0.01196103 0.29917655 2.68901305
C   0.01636802 0.15677837 3.16828681
C   0.55707792 -0.61795895 2.67822691
C   0.56619496 -0.74077615 3.16282242
C   -0.00138376 -0.44553086 4.03114141
C   -0.00669178 -0.57551347 4.51392122
C   0.53097417 0.44050011 4.04533994
C   0.47573941 0.32405068 4.52844309
C   -0.02992194 0.60506435 5.36733356
C   0.02465971 0.49086598 5.85104792
C   0.47841414 -0.30352924 5.38809569
C   0.49737425 -0.39891574 5.87854643
C   0.00940808 -0.10097432 6.70630072
C   -0.01078981 -0.24396596 7.18499210
C   0.50499606 0.77055767 6.74953862
C   0.52749671 0.63957521 7.23155243
C   0.03262299 0.93065935 8.05705406
C   -0.02102276 0.76796856 8.52679211
C   0.51826549 1.80900493 8.06091962
C   0.55063357 1.71198453 8.55034719
C   0.01017115 1.99467290 -6.76893094
C   0.03824995 1.86326681 -6.28732527
C   0.45875681 1.09847569 -6.77868604
C   0.53523150 0.96158930 -6.30390848
C   0.02671020 1.25303473 -5.40915010
C   -0.02074091 1.07726708 -4.94347411
C   0.51431003 2.15038888 -5.39561781
C   0.51775407 2.01430599 -4.91450495
C   -0.03375681 2.21786569 -3.98199996
C   0.00319308 2.09769398 -3.49806457
C   0.51740117 1.34557053 -4.01033820
C   0.53194795 1.23185400 -3.52365869
C   0.02016502 1.48954395 -2.69336958
C   -0.01517738 1.33088854 -2.22052777
C   0.53143680 2.37336826 -2.60891340
C   0.51099844 2.19952006 -2.14055555
C   -0.00109816 2.59470075 -1.34912524
C   0.03318955 2.43871939 -0.87531709
C   0.52461783 1.61891987 -1.32500160
C   0.50187726 1.54125008 -0.83159480
C   0.03803653 1.78820478 0.04239007
C   0.02252957 1.66280959 0.52616231
C   0.54166682 0.87052346 -0.01382417
C   0.50802311 0.76108442 0.47289053
C   -0.05427765 1.03976613 1.38341095
C   0.01492625 0.89616366 1.85731933
C   0.50248331 1.93908484 1.37657942
C   0.49822112 1.80377845 1.85790469
C   -0.02989396 2.09209542 2.70734746
C   -0.00096330 1.96428043 3.18986829
C   0.51448722 1.17235963 2.75439164
C   0.50254996 1.08562863 3.24666721
C   -0.00141794 1.34295823 4.07336159
C   -0.02163382 1.21277204 4.55569226
C   0.51222251 2.26478895 4.06498301
C   0.54296360 2.11407102 4.54073409
C   0.01425069 2.37273524 5.37597106
C   -0.01822901 2.29541325 5.86888726
C   0.50676528 1.45379339 5.40283262
C   0.53386853 1.36436992 5.89402388
C   0.02535086 1.66245613 6.72248050
C   0.02592470 1.54294766 7.20798786
C   0.49781393 2.55286443 6.74484037
C   0.53522654 2.41747865 7.22470597
C   1.07551793 -2.64366877 -8.06207512
C   1.06934500 -2.79110938 -7.58434804
C   1.56004741 -1.75539149 8.07005924
C   1.56071453 -1.86994773 8.55675876
C   1.01831468 -1.64761771 -6.72943778
C   1.05306944 -1.72639503 -6.23690733
C   1.57480848 -2.52358269 -6.67809263
C   1.55821950 -2.66967626 -6.20019988
C   1.07521508 -2.39496858 -5.36723551
C   0.99331274 -2.51012898 -4.88762099
C   1.59614857 -1.49982868 -5.37010777
C   1.56126311 -1.61271753 -4.88426921
C   1.00933971 -1.34423911 -3.98684232
C   1.01236395 -1.48010323 -3.50566481
C   1.53688665 -2.24482399 -3.99548008
C   1.54326716 -2.38743252 -3.51629108
C   1.02382657 -2.12889238 -2.63881944
C   1.03145768 -2.21770681 -2.14682985
C   1.55420644 -1.16583656 -2.67064601
C   1.59623939 -1.32077669 -2.19712010
C   1.03559227 -1.05264360 -1.31232823
C   1.08479243 -1.19919858 -0.83682746
C   1.58084083 -1.92291201 -1.36255982
C   1.58391418 -2.06805163 -0.88409870
C   1.06755630 -1.82339991 0.02234075
C   1.04551196 -1.96722276 0.50070153
C   1.60045064 2.67256103 -0.01618192
C   1.56419329 2.57019306 0.47188181
C   1.05506434 -2.54846608 1.36939856
C   1.03275239 -2.70922317 1.84232491
C   1.54305901 -1.62412094 1.31614493
C   1.54960775 -1.78474720 1.78959643
C   1.06029653 -1.53948627 2.66489126
C   1.04444136 -1.66053977 3.14975687
C   1.52450475 -2.42844735 2.68044276
C   1.51500004 -2.55733652 3.16345129
C   1.03830130 -2.25707571 3.99442929
C   1.00005189 -2.35864765 4.48250727
C   1.50987205 -1.36143615 4.09446297
C   1.53890048 -1.51383488 4.56978599
C   1.01563258 -1.14854107 5.40763680
C   1.03848065 -1.29797271 5.88423743
C   1.54297855 -2.04078330 5.43551231
C   1.57576136 -2.16192116 5.91950705
C   1.03370594 -1.97228066 6.74614148
C   1.05467473 -2.05201365 7.23929760
C   1.54972772 -1.04316665 6.72231515
C   1.54374302 -1.13660696 7.21347001
C   1.04957930 -0.89383921 -8.06203670
C   1.02066785 -1.01717895 -7.57835143
C   1.53217723 -0.01594688 -8.01453646
C   1.52317393 -0.15121917 -7.53326695
C   1.05125366 0.15449958 -6.67487920
C   1.06108621 0.03562963 -6.18931432
C   1.51832326 -0.77474712 -6.73423613
C   1.59114328 -0.82509396 -6.24213610
C   1.04177878 -0.56213891 -5.37841048
C   1.05357620 -0.68756978 -4.89454282
C   1.59172050 0.27991615 -5.31490768
C   1.58794583 0.16068691 -4.82934600
C   1.05823156 0.49435239 -4.02551556
C   1.07916245 0.33071520 -3.55351475
C   1.59876961 -0.48785685 -3.99558438
C   1.58106369 -0.59636240 -3.50782107
C   1.08090246 -0.28419611 -2.63111249
C   1.05913478 -0.41180321 -2.14816053
C   1.57113108 0.59742765 -2.65928436
C   1.58975489 0.48453708 -2.17255151
C   1.06001951 0.72302527 -1.34532836
C   1.07652026 0.63488808 -0.85343451
C   1.59500232 -0.19477238 -1.26071946
C   1.56315254 -0.29012706 -0.77093065
C   1.06909326 0.00357432 0.06458304
C   1.00621971 -0.17440140 0.52758581
C   1.55623552 -0.92046451 0.00949380
C   1.52831508 -1.05768011 0.48948581
C   1.05418524 -0.74910268 1.35142232
C   1.04030089 -0.91451316 1.82306476
C   1.57931072 0.12685627 1.40149391
C   1.57393770 0.00271319 1.88580747
C   1.04234674 0.30209443 2.70973843
C   1.09526555 0.16750140 3.18836596
C   1.57754295 -0.59710788 2.69805781
C   1.57956104 -0.74520244 3.17561820
C   1.02792721 -0.43003147 3.99571569
C   1.01589041 -0.57849018 4.47301552
C   1.53864385 0.47534380 4.06945983
C   1.49724243 0.30666014 4.53832201
C   1.00593734 0.56792448 5.42152469
C   1.04276393 0.47101451 5.91065889
C   1.58203094 -0.29638234 5.36857917
C   1.60058361 -0.38188369 5.86086498
C   1.07394650 -0.14757637 6.71324237
C   1.06090065 -0.23644483 7.20510841
C   1.61611728 0.77354204 6.76746656
C   1.57473822 0.64297109 7.24833973
C   1.06269275 0.87583880 8.07707485
C   1.05989487 0.79571643 8.57060557
C   1.52922313 1.85344173 8.06832166
C   1.59069989 1.73227744 8.54950751
C   1.03754283 1.94512275 -6.67889552
C   1.04682095 1.83118217 -6.19213947
C   1.55755422 1.08092708 -6.69363522
C   1.58052977 0.98116983 -6.20422678
C   1.04595249 1.25890618 -5.36229560
C   1.09726835 1.05916340 -4.90680740
C   1.58851331 2.12314274 -5.39109204
C   1.53813675 2.00448702 -4.90799472
C   0.96684399 2.25398953 -3.98081245
C   1.01838462 2.14084074 -3.49651821
C   1.55809588 1.39127606 -4.03464838
C   1.54520145 1.25002589 -3.55518814
C   1.03778734 1.47954924 -2.69412835
C   1.05514988 1.33986090 -2.21435162
C   1.55124503 2.41449545 -2.67785437
C   1.54508952 2.27230867 -2.19853712
C   1.01931323 2.53801577 -1.33874447
C   1.06465192 2.43622168 -0.85132026
C   1.58962065 1.61405846 -1.30471041
C   1.61491253 1.53495435 -0.81165578
C   1.03967634 1.82330032 0.02617792
C   1.05758904 1.68257919 0.50563250
C   1.56392115 0.91003312 0.06713232
C   1.50809325 0.78509037 0.54804037
C   0.97970804 1.05401849 1.37302111
C   1.03004345 0.92360513 1.85308225
C   1.53000277 1.95189084 1.35996577
C   1.53501980 1.79552942 1.83486148
C   1.03800794 2.09519961 2.67931956
C   1.01939441 1.95338987 3.15842657
C   1.57863465 1.17862640 2.66545725
C   1.55448746 1.08332334 3.15569621
C   1.01335387 1.35549580 4.06598553
C   1.02743197 1.21381148 4.54528435
C   1.58508622 2.24673498 4.03439643
C   1.55910062 2.12516296 4.51869489
C   1.03990185 2.43451411 5.37948512
C   1.05158823 2.24842168 5.84341727
C   1.59569338 1.51464423 5.39082204
C   1.55151316 1.36331993 5.86532079
C   1.05623521 1.66962074 6.74498705
C   1.03583255 1.52711446 7.22381446
C   1.54961961 2.57089886 6.74689418
C   1.55933330 2.43575234 7.22818521
